100	0.000013
200	0.000024
300	0.000037
400	0.000050
500	0.000064
600	0.000079
700	0.000094
800	0.000110
900	0.000122
1000	0.000140
1100	0.000162
1200	0.000172
1300	0.000188
1400	0.000203
1500	0.000218
1600	0.000235
1700	0.000252
1800	0.000268
1900	0.000286
2000	0.000304
2100	0.000320
2200	0.000338
2300	0.000352
2400	0.000367
2500	0.000389
2600	0.000406
2700	0.000421
2800	0.000440
2900	0.000456
3000	0.000472
3100	0.000493
3200	0.000507
3300	0.000526
3400	0.000541
3500	0.000557
3600	0.000576
3700	0.000596
3800	0.000620
3900	0.000629
4000	0.000647
4100	0.000683
4200	0.000683
4300	0.000702
4400	0.000718
4500	0.000735
4600	0.000768
4700	0.000776
4800	0.000786
4900	0.000807
5000	0.000829
5100	0.000852
5200	0.000865
5300	0.000877
5400	0.000894
5500	0.000921
5600	0.000947
5700	0.000957
5800	0.000975
5900	0.000988
6000	0.001003
6100	0.001029
6200	0.001051
6300	0.001065
6400	0.001074
6500	0.001091
6600	0.001099
6700	0.001139
6800	0.001141
6900	0.001162
7000	0.001192
7100	0.001228
7200	0.001225
7300	0.001226
7400	0.001242
7500	0.001259
7600	0.001274
7700	0.001299
7800	0.001311
7900	0.001324
8000	0.001295
8100	0.001234
8200	0.001248
8300	0.001282
8400	0.001295
8500	0.001271
8600	0.001323
8700	0.001356
8800	0.001401
8900	0.001387
9000	0.001389
9100	0.001413
9200	0.001429
9300	0.001477
9400	0.001481
9500	0.001424
9600	0.001435
9700	0.001458
9800	0.001473
9900	0.001489
10000	0.001499
10100	0.001515
10200	0.001536
10300	0.001557
10400	0.001593
10500	0.001651
10600	0.001628
10700	0.001692
10800	0.001710
10900	0.001714
11000	0.001740
11100	0.001749
11200	0.001858
11300	0.001813
11400	0.001763
11500	0.001825
11600	0.001763
11700	0.001777
11800	0.001791
11900	0.001874
12000	0.001904
12100	0.001919
12200	0.001971
12300	0.001954
12400	0.002007
12500	0.002083
12600	0.001941
12700	0.002044
12800	0.002038
12900	0.002053
13000	0.002060
13100	0.002119
13200	0.002089
13300	0.002027
13400	0.002043
13500	0.002060
13600	0.002074
13700	0.002162
13800	0.002170
13900	0.002226
14000	0.002229
14100	0.002249
14200	0.002282
14300	0.002301
14400	0.002215
14500	0.002218
14600	0.002234
14700	0.002251
14800	0.002265
14900	0.002292
15000	0.002342
15100	0.002374
15200	0.002486
15300	0.002438
15400	0.002465
15500	0.002569
15600	0.002673
15700	0.002413
15800	0.002427
15900	0.002441
16000	0.002455
16100	0.002472
16200	0.002502
16300	0.002556
16400	0.002645
16500	0.002667
16600	0.002670
16700	0.002719
16800	0.002694
16900	0.002616
17000	0.002628
17100	0.002652
17200	0.002660
17300	0.002681
17400	0.002748
17500	0.002788
17600	0.002857
17700	0.002869
17800	0.002875
17900	0.003045
18000	0.002791
18100	0.002802
18200	0.002818
18300	0.002829
18400	0.002850
18500	0.003264
18600	0.003021
18700	0.003030
18800	0.003057
18900	0.003104
19000	0.002954
19100	0.002975
19200	0.002992
19300	0.003000
19400	0.003024
19500	0.003119
19600	0.003207
19700	0.003212
19800	0.003215
19900	0.003239
20000	0.003129
20100	0.003138
20200	0.003149
20300	0.003170
20400	0.003223
20500	0.003314
20600	0.003355
20700	0.003375
20800	0.003425
20900	0.003322
21000	0.003277
21100	0.003298
21200	0.003311
21300	0.003317
21400	0.003446
21500	0.003434
21600	0.003542
21700	0.003561
21800	0.003554
21900	0.003431
22000	0.003449
22100	0.003463
22200	0.003491
22300	0.003622
22400	0.003676
22500	0.003679
22600	0.003900
22700	0.003568
22800	0.003584
22900	0.003593
23000	0.003642
23100	0.004028
23200	0.003816
23300	0.003809
23400	0.003892
23500	0.003697
23600	0.003740
23700	0.003720
23800	0.003775
23900	0.004176
24000	0.003969
24100	0.003964
24200	0.004008
24300	0.003826
24400	0.003839
24500	0.003860
24600	0.004230
24700	0.004022
24800	0.004073
24900	0.004132
25000	0.004036
25100	0.003986
25200	0.004009
25300	0.004020
25400	0.004173
25500	0.004207
25600	0.004205
25700	0.004195
25800	0.004068
25900	0.004082
26000	0.004102
26100	0.004188
26200	0.004344
26300	0.004350
26400	0.004330
26500	0.004192
26600	0.004203
26700	0.004216
26800	0.004301
26900	0.004419
27000	0.004461
27100	0.004718
27200	0.004322
27300	0.004317
27400	0.004349
27500	0.004373
27600	0.004523
27700	0.004601
27800	0.004600
27900	0.004416
28000	0.004437
28100	0.004456
28200	0.004585
28300	0.004728
28400	0.004679
28500	0.004702
28600	0.004521
28700	0.004547
28800	0.004597
28900	0.004751
29000	0.004805
29100	0.004825
29200	0.004650
29300	0.004648
29400	0.004660
29500	0.004744
29600	0.004873
29700	0.004906
29800	0.004876
29900	0.004747
30000	0.004758
30100	0.004804
30200	0.004984
30300	0.005067
30400	0.005079
30500	0.004902
30600	0.004866
30700	0.005148
30800	0.005202
30900	0.005175
31000	0.005152
31100	0.005211
31200	0.005023
31300	0.004971
31400	0.005213
31500	0.005241
31600	0.005235
31700	0.005053
31800	0.005072
31900	0.005081
32000	0.005269
32100	0.005379
32200	0.005349
32300	0.005140
32400	0.005156
32500	0.005224
32600	0.005421
32700	0.005449
32800	0.005441
32900	0.005234
33000	0.005272
33100	0.005340
33200	0.005560
33300	0.005633
33400	0.005388
33500	0.005345
33600	0.005369
33700	0.005610
33800	0.005636
33900	0.005638
34000	0.005421
34100	0.005445
34200	0.005525
34300	0.005775
34400	0.005731
34500	0.005504
34600	0.005527
34700	0.005603
34800	0.005798
34900	0.005839
35000	0.005848
35100	0.005620
35200	0.005643
35300	0.005933
35400	0.005952
35500	0.005918
35600	0.005749
35700	0.005746
35800	0.005925
35900	0.006017
36000	0.006182
36100	0.005851
36200	0.005848
36300	0.005962
36400	0.006124
36500	0.006131
36600	0.005876
36700	0.005901
36800	0.005970
36900	0.006212
37000	0.006669
37100	0.005979
37200	0.005978
37300	0.006050
37400	0.006293
37500	0.006269
37600	0.006051
37700	0.006054
37800	0.006127
37900	0.006363
38000	0.006370
38100	0.006119
38200	0.006179
38300	0.006285
38400	0.006477
38500	0.006447
38600	0.006208
38700	0.006217
38800	0.006418
38900	0.006540
39000	0.006518
39100	0.006289
39200	0.006304
39300	0.006605
39400	0.006682
39500	0.006547
39600	0.006377
39700	0.006461
39800	0.006704
39900	0.006711
40000	0.006452
40100	0.006466
40200	0.006647
40300	0.006796
40400	0.006739
40500	0.006530
40600	0.006583
40700	0.006854
40800	0.006930
40900	0.006696
41000	0.006610
41100	0.006703
41200	0.007026
41300	0.006912
41400	0.006730
41500	0.006781
41600	0.007012
41700	0.007046
41800	0.006780
41900	0.006775
42000	0.006944
42100	0.007132
42200	0.007038
42300	0.006832
42400	0.006904
42500	0.007157
42600	0.007185
42700	0.006916
42800	0.006928
42900	0.007224
43000	0.007337
43100	0.007006
43200	0.006994
43300	0.007160
43400	0.007352
43500	0.007248
43600	0.007104
43700	0.007193
43800	0.007466
43900	0.007347
44000	0.007119
44100	0.007198
44200	0.007445
44300	0.007430
44400	0.007182
44500	0.007248
44600	0.007545
44700	0.007807
44800	0.007261
44900	0.007283
45000	0.007852
45100	0.007666
45200	0.007319
45300	0.007340
45400	0.007630
45500	0.007712
45600	0.007403
45700	0.007411
45800	0.007661
45900	0.007828
46000	0.007598
46100	0.007622
46200	0.007824
46300	0.007938
46400	0.007589
46500	0.007644
46600	0.007869
46700	0.007902
46800	0.008062
46900	0.008402
47000	0.007869
47100	0.008171
47200	0.008104
47300	0.008056
47400	0.007618
47500	0.007944
47600	0.008274
47700	0.008022
47800	0.008147
47900	0.008063
48000	0.007815
48100	0.008067
48200	0.008287
48300	0.007902
48400	0.007939
48500	0.008216
48600	0.008228
48700	0.007916
48800	0.008001
48900	0.008353
49000	0.008257
49100	0.008017
49200	0.008233
49300	0.008436
49400	0.008233
49500	0.008077
49600	0.008354
49700	0.008671
49800	0.008115
49900	0.008314
50000	0.008538
50100	0.008458
50200	0.008192
50300	0.008369
50400	0.008608
50500	0.008362
50600	0.008248
50700	0.008608
50800	0.008584
50900	0.008296
51000	0.008383
51100	0.008730
51200	0.008589
51300	0.008400
51400	0.008646
51500	0.008763
51600	0.008416
51700	0.008507
51800	0.008815
51900	0.008715
52000	0.008492
52100	0.008736
52200	0.009129
52300	0.008546
52400	0.008586
52500	0.008946
52600	0.009092
52700	0.008645
52800	0.009006
52900	0.009033
53000	0.008693
53100	0.008696
53200	0.009100
53300	0.009002
53400	0.008738
53500	0.009123
53600	0.009061
53700	0.008792
53800	0.008974
53900	0.009254
54000	0.008856
54100	0.008913
54200	0.009321
54300	0.009151
54400	0.008905
54500	0.009248
54600	0.009271
54700	0.008962
54800	0.009200
54900	0.009406
55000	0.009010
55100	0.009104
55200	0.009473
55300	0.009291
55400	0.009082
55500	0.009462
55600	0.009400
55700	0.009121
55800	0.009392
55900	0.009553
56000	0.009176
56100	0.009363
56200	0.009672
56300	0.009250
56400	0.009281
56500	0.009732
56600	0.009560
56700	0.009618
56800	0.009733
56900	0.009810
57000	0.009363
57100	0.009782
57200	0.009680
57300	0.009409
57400	0.009730
57500	0.009747
57600	0.009422
57700	0.009673
57800	0.009849
57900	0.009500
58000	0.009624
58100	0.010034
58200	0.009591
58300	0.009654
58400	0.010097
58500	0.009688
58600	0.009662
58700	0.010096
58800	0.009870
58900	0.009706
59000	0.010062
59100	0.009943
59200	0.009756
59300	0.010159
59400	0.010026
59500	0.009804
59600	0.010166
59700	0.010110
59800	0.009846
59900	0.010213
60000	0.010113
60100	0.009873
60200	0.010283
60300	0.010168
60400	0.009925
60500	0.010343
60600	0.010247
60700	0.009979
60800	0.010377
60900	0.010292
61000	0.010031
61100	0.010465
61200	0.010363
61300	0.010087
61400	0.010494
61500	0.010405
61600	0.010146
61700	0.010563
61800	0.010450
61900	0.010219
62000	0.010619
62100	0.010451
62200	0.010289
62300	0.010709
62400	0.010451
62500	0.010361
62600	0.010858
62700	0.010385
62800	0.010447
62900	0.010859
63000	0.010386
63100	0.010554
63200	0.010892
63300	0.010422
63400	0.010668
63500	0.010851
63600	0.010482
63700	0.010789
63800	0.010882
63900	0.010536
64000	0.010929
64100	0.010883
64200	0.010604
64300	0.011047
64400	0.011105
64500	0.010753
64600	0.011161
64700	0.010760
64800	0.010892
64900	0.011162
65000	0.010714
65100	0.010952
65200	0.011154
65300	0.010784
65400	0.011128
65500	0.011152
65600	0.010859
65700	0.011277
65800	0.011085
65900	0.010960
66000	0.011406
66100	0.010903
66200	0.011287
66300	0.011364
66400	0.010971
66500	0.011371
66600	0.011365
66700	0.011877
66800	0.011365
66900	0.011775
67000	0.011452
67100	0.010984
67200	0.011640
67300	0.011616
67400	0.011474
67500	0.011209
67600	0.011736
67700	0.011223
67800	0.011468
67900	0.011641
68000	0.011246
68100	0.011718
68200	0.011550
68300	0.011406
68400	0.011793
68500	0.011334
68600	0.011697
68700	0.011733
68800	0.011481
68900	0.011870
69000	0.011554
69100	0.011588
69200	0.011932
69300	0.011472
69400	0.011840
69500	0.011811
69600	0.011582
69700	0.012145
69800	0.011625
69900	0.011875
70000	0.011976
70100	0.011635
70200	0.012093
70300	0.011843
70400	0.011845
70500	0.012171
70600	0.011701
70700	0.012155
70800	0.011996
70900	0.012012
71000	0.012315
71100	0.011815
71200	0.012239
71300	0.012084
71400	0.011971
71500	0.012368
71600	0.011901
71700	0.012365
71800	0.012153
71900	0.012059
72000	0.012461
72100	0.011956
72200	0.012413
72300	0.012249
72400	0.012215
72500	0.012542
72600	0.012059
72700	0.012521
72800	0.012384
72900	0.012267
73000	0.012607
73100	0.012136
73200	0.012587
73300	0.012411
73400	0.012350
73500	0.012692
73600	0.012211
73700	0.012818
73800	0.012512
73900	0.012787
74000	0.012738
74100	0.012313
74200	0.012852
74300	0.012403
74400	0.012775
74500	0.012959
74600	0.012529
74700	0.012942
74800	0.012441
74900	0.012931
75000	0.012756
75100	0.012727
75200	0.012969
75300	0.012578
75400	0.013135
75500	0.012618
75600	0.012934
75700	0.012885
75800	0.012732
75900	0.013204
76000	0.012676
76100	0.013167
76200	0.012821
76300	0.013001
76400	0.013042
76500	0.012860
76600	0.013292
76700	0.012785
76800	0.013275
76900	0.013000
77000	0.013086
77100	0.013261
77200	0.012863
77300	0.013412
77400	0.012884
77500	0.013504
77600	0.013082
77700	0.013272
77800	0.013267
77900	0.013120
78000	0.013497
78100	0.013050
78200	0.013627
78300	0.013118
78400	0.013521
78500	0.013450
78600	0.013372
78700	0.013564
78800	0.013190
78900	0.013720
79000	0.013206
79100	0.013639
79200	0.013412
79300	0.013568
79400	0.013555
79500	0.013468
79600	0.013711
79700	0.013351
79800	0.013884
79900	0.013351
80000	0.013961
80100	0.013450
80200	0.013804
80300	0.013656
80400	0.013675
80500	0.013842
80600	0.013581
80700	0.014010
80800	0.013568
80900	0.014103
81000	0.013534
81100	0.014029
81200	0.013710
81300	0.013947
81400	0.013905
81500	0.013826
81600	0.014097
81700	0.013763
81800	0.014225
81900	0.013722
82000	0.014287
82100	0.013752
82200	0.014186
82300	0.013935
82400	0.014148
82500	0.014070
82600	0.014152
82700	0.014161
82800	0.013988
82900	0.014332
83000	0.013957
83100	0.014411
83200	0.013962
83300	0.014468
83400	0.013938
83500	0.014789
83600	0.014313
83700	0.014660
83800	0.014398
83900	0.014579
84000	0.014269
84100	0.014443
84200	0.014857
84300	0.014843
84400	0.014492
84500	0.014760
84600	0.014486
84700	0.014328
84800	0.014606
84900	0.014360
85000	0.014717
85100	0.014297
85200	0.014805
85300	0.014334
85400	0.014833
85500	0.014390
85600	0.015119
85700	0.014463
85800	0.014944
85900	0.014871
86000	0.015018
86100	0.014409
86200	0.014996
86300	0.014447
86400	0.014993
86500	0.014597
86600	0.015002
86700	0.014679
86800	0.014987
86900	0.014853
87000	0.014998
87100	0.014966
87200	0.014933
87300	0.014914
87400	0.014938
87500	0.015002
87600	0.014908
87700	0.015022
87800	0.014896
87900	0.015160
88000	0.014962
88100	0.015212
88200	0.014988
88300	0.015237
88400	0.015015
88500	0.015278
88600	0.015078
88700	0.015294
88800	0.015093
88900	0.015323
89000	0.015114
89100	0.015361
89200	0.015169
89300	0.015391
89400	0.015128
89500	0.015523
89600	0.015161
89700	0.015709
89800	0.015451
89900	0.015779
90000	0.015492
90100	0.015568
90200	0.015391
90300	0.015549
90400	0.015500
90500	0.016331
90600	0.015878
90700	0.016198
90800	0.015462
90900	0.015788
91000	0.015749
91100	0.015531
91200	0.015814
91300	0.015520
91400	0.015905
91500	0.015484
91600	0.015958
91700	0.015447
91800	0.016031
91900	0.015525
92000	0.016060
92100	0.015525
92200	0.016104
92300	0.015565
92400	0.016103
92500	0.015640
92600	0.016062
92700	0.015737
92800	0.016087
92900	0.015845
93000	0.016040
93100	0.015902
93200	0.016038
93300	0.015996
93400	0.016018
93500	0.016088
93600	0.016019
93700	0.016298
93800	0.016100
93900	0.016408
94000	0.015900
94100	0.016453
94200	0.015947
94300	0.016613
94400	0.016014
94500	0.016423
94600	0.016125
94700	0.016401
94800	0.016248
94900	0.016317
95000	0.016321
95100	0.016276
95200	0.016440
95300	0.016262
95400	0.016623
95500	0.016103
95600	0.016695
95700	0.016147
95800	0.016624
95900	0.016239
96000	0.016656
96100	0.016359
96200	0.016625
96300	0.016524
96400	0.016536
96500	0.016709
96600	0.016488
96700	0.016861
96800	0.016354
96900	0.016906
97000	0.016370
97100	0.016900
97200	0.016545
97300	0.016761
97400	0.016768
97500	0.016775
97600	0.016943
97700	0.016627
97800	0.017063
97900	0.016576
98000	0.017086
98100	0.016646
98200	0.017083
98300	0.016832
98400	0.016931
98500	0.017005
98600	0.016880
98700	0.017366
98800	0.016811
98900	0.017278
99000	0.016898
99100	0.017218
99200	0.017046
99300	0.017070
99400	0.017257
99500	0.016899
99600	0.017351
99700	0.016874
99800	0.017326
99900	0.017089
